56,35
34,1
34,3
36,1
36,3
29,1
29,3
0,273
0,270
10,242
10,128
10,232
10,86
10,110
10,204
10,166
10,2
10,3
11,24
11,4
9,7
9,3
8,15
8,17
8,18
8,4
8,8
49,4
49,3
49,2
49,1
49,0
48,3
48,2
48,1
48,0
47,3
47,2
47,1
47,0
46,5
46,4
46,3
46,2
46,1
46,0
45,4
45,3
45,2
45,1
45,0
43,5
43,4
43,3
43,2
43,1
43,0
40,5
40,4
40,3
40,2
40,1
40,0
38,5
38,4
38,3
38,2
38,1
38,0
26,3
26,1
20,3
20,2
20,1
19,3
19,2
19,1
12,3
12,2
12,1
11,29
11,27
11,26
11,25
11,23
11,22
11,21
11,20
11,19
11,18
11,17
11,16
11,15
11,14
11,13
11,12
11,10
11,9
11,8
11,6
11,5
18,1
11,3
18,3
11,2
11,1
10,311
10,306
10,304
10,302
